{
  "left": {
    "thumb": [
      {
        "length": 0.04189446902578501,
        "position": {
          "x": 0.6990053365367114,
          "y": 0.27007820778083613,
          "z": -0.662155043154615
        },
        "V": {
          "elements": [
            0.7804093762013186,
            0.42083820912929587,
            -0.4624461128325287,
            0,
            0.3287808774678015,
            -0.9052871243077258,
            -0.2689950876394406,
            0,
            -0.5318499225802067,
            0.057882849787262054,
            -0.8448581156335855,
            0,
            0,
            0,
            0,
            1
          ]
        },
        "Vinv": {
          "elements": [
            0.6990053365367114,
            0.27007820778083613,
            -0.662155043154615,
            0,
            0.36040852656197914,
            -0.9327945615093514,
            0,
            0,
            -0.6176546231306147,
            -0.23864632345893852,
            -0.7493668653102498,
            0,
            0,
            0,
            0,
            1
          ]
        },
        "degree": 0
      },
      {
        "length": 0.032694210212540153,
        "V": {
          "elements": [
            0.9864739772249975,
            0.011342409041036193,
            0.1635250501147788,
            0,
            -0.025418821038367196,
            0.9961205850319582,
            0.08424763268251524,
            0,
            -0.16193509747708965,
            -0.08726471126826908,
            0.9829353459777251,
            0,
            0,
            0,
            0,
            1
          ]
        },
        "Vinv": {
          "elements": [
            0.9864739772249975,
            -0.025418821038367213,
            -0.16193509747708984,
            0,
            0.0113424090410362,
            0.9961205850319589,
            -0.08726471126826914,
            0,
            0.16352505011477875,
            0.0842476326825153,
            0.9829353459777259,
            0,
            0,
            0,
            0,
            1
          ]
        },
        "degree": 1
      },
      {
        "length": 0.033942728340517515,
        "V": {
          "elements": [
            1,
            -3.0395160622162166e-17,
            5.79937908549144e-33,
            0,
            3.0395160622162166e-17,
            1,
            -1.907994222364106e-16,
            0,
            5.79937908549144e-33,
            1.907994222364106e-16,
            1,
            0,
            0,
            0,
            0,
            1
          ]
        },
        "Vinv": {
          "elements": [
            1,
            3.0395160622162166e-17,
            0,
            0,
            -3.0395160622162166e-17,
            1,
            1.907994222364106e-16,
            0,
            0,
            -1.907994222364106e-16,
            1,
            0,
            0,
            0,
            0,
            1
          ]
        },
        "degree": 2
      },
      {
        "length": 0.027287164005617884,
        "V": {
          "elements": [
            1,
            -2.0561432185580297e-17,
            -5.621111491325838e-17,
            0,
            2.0561432185580294e-17,
            1.0000000000000002,
            -1.29070197395219e-16,
            0,
            2.6538681109212567e-33,
            1.29070197395219e-16,
            1.0000000000000002,
            0,
            0,
            0,
            0,
            1
          ]
        },
        "Vinv": {
          "elements": [
            1,
            2.0561432185580285e-17,
            5.621111491325837e-17,
            0,
            -2.0561432185580288e-17,
            0.9999999999999998,
            1.2907019739521894e-16,
            0,
            0,
            -1.2907019739521894e-16,
            0.9999999999999998,
            0,
            0,
            0,
            0,
            1
          ]
        },
        "degree": 1
      }
    ],
    "indexFinger": [
      {
        "length": 0.10255893578749975,
        "position": {
          "x": 0.9696678809023476,
          "y": 0.02315788282471579,
          "z": -0.2433267622137514
        },
        "V": {
          "elements": [
            0.9977503635395933,
            0.023952955036617006,
            -0.06261364069931485,
            0,
            0.02391631464605062,
            -0.999713073066399,
            -0.0013347036703183096,
            0,
            -0.0626276452563897,
            -0.00016578645982185197,
            -0.9980369484966423,
            0,
            0,
            0,
            0,
            1
          ]
        },
        "Vinv": {
          "elements": [
            0.9696678809023476,
            0.02315788282471579,
            -0.2433267622137514,
            0,
            0.023875475200862716,
            -0.9997149402124254,
            -8.673617379884035e-19,
            0,
            -0.24325739953860354,
            -0.00580954207694064,
            -0.9699443730392855,
            0,
            0,
            0,
            0,
            1
          ]
        },
        "degree": 0
      },
      {
        "length": 0.030656048094666516,
        "V": {
          "elements": [
            0.9832793140404654,
            0.00011551322978499418,
            0.18210375404369197,
            0,
            -0.00008773300513692502,
            0.9999999832541192,
            -0.00016060722577889257,
            0,
            -0.18210376954646368,
            0.0001419452532048431,
            0.98327930770891,
            0,
            0,
            0,
            0,
            1
          ]
        },
        "Vinv": {
          "elements": [
            0.9832793140404654,
            -0.00008773300513692502,
            -0.1821037695464636,
            0,
            0.0001155132297849942,
            0.9999999832541194,
            0.00014194525320484312,
            0,
            0.18210375404369206,
            -0.0001606072257788926,
            0.9832793077089103,
            0,
            0,
            0,
            0,
            1
          ]
        },
        "degree": 2
      },
      {
        "length": 0.02129622867565652,
        "V": {
          "elements": [
            1,
            -1.9891886871475608e-16,
            -4.908764614465428e-32,
            0,
            1.9891886871475608e-16,
            1,
            2.467721964327303e-16,
            0,
            -4.908764614465429e-32,
            -2.4677219643273037e-16,
            1,
            0,
            0,
            0,
            0,
            1
          ]
        },
        "Vinv": {
          "elements": [
            0.9999999999999999,
            1.9891886871475603e-16,
            0,
            0,
            -1.9891886871475603e-16,
            0.9999999999999999,
            -2.467721964327303e-16,
            0,
            0,
            2.4677219643273037e-16,
            1,
            0,
            0,
            0,
            0,
            1
          ]
        },
        "degree": 1
      },
      {
        "length": 0.028585058371404938,
        "V": {
          "elements": [
            1,
            2.3186861997425554e-17,
            -6.669667754985205e-34,
            0,
            -2.3186861997425554e-17,
            1,
            -2.876485725289494e-17,
            0,
            -6.669667754985205e-34,
            2.876485725289494e-17,
            1,
            0,
            0,
            0,
            0,
            1
          ]
        },
        "Vinv": {
          "elements": [
            1,
            -2.3186861997425554e-17,
            0,
            0,
            2.3186861997425554e-17,
            1,
            2.876485725289494e-17,
            0,
            0,
            -2.876485725289494e-17,
            1,
            0,
            0,
            0,
            0,
            1
          ]
        },
        "degree": 1
      }
    ],
    "middleFinger": [
      {
        "length": 0.09911667832782277,
        "position": {
          "x": 0.9999999999999999,
          "y": -1.2663788173747262e-18,
          "z": -5.164822878279624e-19
        },
        "V": {
          "elements": [
            0.985366193301866,
            -0.05011105560683877,
            0.16291822244229867,
            0,
            -0.03875622843950618,
            -0.9966409222587675,
            -0.07214448583459897,
            0,
            0.1659862038090357,
            0.06477464152862715,
            -0.983998387173426,
            0,
            0,
            0,
            0,
            1
          ]
        },
        "Vinv": {
          "elements": [
            0.9999999999999999,
            -1.2663788173747262e-18,
            -5.164822878279624e-19,
            0,
            -1.2663788173747262e-18,
            -0.9999999999999999,
            0,
            0,
            -5.164822878279623e-19,
            6.54062228854568e-37,
            -1,
            0,
            0,
            0,
            0,
            1
          ]
        },
        "degree": 0
      },
      {
        "length": 0.03882720563556715,
        "V": {
          "elements": [
            0.985366193301866,
            -0.0501110556068387,
            0.16291822244229837,
            0,
            0.03875622843950612,
            0.9966409222587673,
            0.07214448583459888,
            0,
            -0.1659862038090357,
            -0.0647746415286271,
            0.9839983871734258,
            0,
            0,
            0,
            0,
            1
          ]
        },
        "Vinv": {
          "elements": [
            0.9853661933018658,
            0.03875622843950612,
            -0.16598620380903562,
            0,
            -0.0501110556068387,
            0.9966409222587673,
            -0.0647746415286271,
            0,
            0.16291822244229845,
            0.0721444858345989,
            0.9839983871734258,
            0,
            0,
            0,
            0,
            1
          ]
        },
        "degree": 2
      },
      {
        "length": 0.02730217863252848,
        "V": {
          "elements": [
            1,
            -5.258863868498162e-17,
            2.9047888788801395e-16,
            0,
            5.258863868498161e-17,
            1.0000000000000002,
            6.23502795590865e-17,
            0,
            -3.278916323640393e-33,
            -6.235027955908649e-17,
            1.0000000000000002,
            0,
            0,
            0,
            0,
            1
          ]
        },
        "Vinv": {
          "elements": [
            1,
            5.258863868498159e-17,
            -2.9047888788801385e-16,
            0,
            -5.25886386849816e-17,
            0.9999999999999998,
            -6.235027955908646e-17,
            0,
            0,
            6.235027955908646e-17,
            0.9999999999999998,
            0,
            0,
            0,
            0,
            1
          ]
        },
        "degree": 1
      },
      {
        "length": 0.02758794104088956,
        "V": {
          "elements": [
            1,
            1.5329536024382413e-16,
            -2.9047888788801405e-16,
            0,
            -1.532953602438242e-16,
            1,
            -1.8175044658539335e-16,
            0,
            3.4466947320616455e-16,
            1.817504465853934e-16,
            1,
            0,
            0,
            0,
            0,
            1
          ]
        },
        "Vinv": {
          "elements": [
            1,
            -1.5329536024382418e-16,
            2.90478887888014e-16,
            0,
            1.5329536024382413e-16,
            1,
            1.817504465853934e-16,
            0,
            -3.446694732061646e-16,
            -1.8175044658539335e-16,
            1,
            0,
            0,
            0,
            0,
            1
          ]
        },
        "degree": 1
      }
    ],
    "ringFinger": [
      {
        "length": 0.09654201019533158,
        "position": {
          "x": 0.971771283194502,
          "y": 0.04667553318133655,
          "z": 0.23126168675495934
        },
        "V": {
          "elements": [
            0.9578668261141133,
            -0.1528386512915088,
            0.2431696734822572,
            0,
            -0.1049765446479294,
            -0.9743788819772539,
            -0.19891133560091026,
            0,
            0.2673407348382517,
            0.16500345762483054,
            -0.9493696806134027,
            0,
            0,
            0,
            0,
            0.9999999999999999
          ]
        },
        "Vinv": {
          "elements": [
            0.971771283194502,
            0.04667553318133655,
            0.23126168675495934,
            0,
            0.04797608900903616,
            -0.998848484447665,
            0,
            0,
            0.2309953853260018,
            0.011095031268135767,
            -0.972891582983043,
            0,
            0,
            0,
            0,
            1
          ]
        },
        "degree": 0
      },
      {
        "length": 0.03220502759639541,
        "V": {
          "elements": [
            0.9877533078263847,
            -0.1558448881934705,
            0.007468179296184135,
            0,
            0.15081036663259045,
            0.9659242688024078,
            0.2103486160037129,
            0,
            -0.03999545216870196,
            -0.20664626239663397,
            0.9775979163456325,
            0,
            0,
            0,
            0,
            0.9999999999999999
          ]
        },
        "Vinv": {
          "elements": [
            0.9877533078263847,
            0.15081036663259048,
            -0.03999545216870184,
            0,
            -0.1558448881934705,
            0.9659242688024078,
            -0.20664626239663397,
            0,
            0.007468179296184257,
            0.21034861600371293,
            0.9775979163456326,
            0,
            0,
            0,
            0,
            1
          ]
        },
        "degree": 2
      },
      {
        "length": 0.025411731238822392,
        "V": {
          "elements": [
            1,
            -1.843184361142178e-16,
            3.2431976852692986e-16,
            0,
            1.8431843611421775e-16,
            1,
            1.7313414419436107e-16,
            0,
            -2.8511221557665817e-16,
            -1.7313414419436102e-16,
            1,
            0,
            0,
            0,
            0,
            1
          ]
        },
        "Vinv": {
          "elements": [
            1,
            1.8431843611421775e-16,
            -3.243197685269299e-16,
            0,
            -1.843184361142178e-16,
            1,
            -1.7313414419436102e-16,
            0,
            2.851122155766581e-16,
            1.7313414419436107e-16,
            1,
            0,
            0,
            0,
            0,
            1
          ]
        },
        "degree": 1
      },
      {
        "length": 0.02577134834999357,
        "V": {
          "elements": [
            1,
            -7.646955800092171e-17,
            -5.492766123042986e-33,
            0,
            7.646955800092171e-17,
            1,
            7.182944777811819e-17,
            0,
            -5.492766123042986e-33,
            -7.182944777811819e-17,
            1,
            0,
            0,
            0,
            0,
            1
          ]
        },
        "Vinv": {
          "elements": [
            1,
            7.646955800092171e-17,
            0,
            0,
            -7.646955800092171e-17,
            1,
            -7.182944777811819e-17,
            0,
            0,
            7.182944777811819e-17,
            1,
            0,
            0,
            0,
            0,
            1
          ]
        },
        "degree": 1
      }
    ],
    "pinky": [
      {
        "length": 0.08664773444488884,
        "position": {
          "x": 0.889444128643372,
          "y": 0.13086755692874033,
          "z": 0.43790732417411743
        },
        "V": {
          "elements": [
            0.8730802011756301,
            -0.1956528772495586,
            0.4465992766889472,
            0,
            -0.04112015828547045,
            -0.9422406486195495,
            -0.3324029071346834,
            0,
            0.48583957732743377,
            0.2718501640848875,
            -0.830696932334122,
            0,
            0,
            0,
            0,
            1.0000000000000002
          ]
        },
        "Vinv": {
          "elements": [
            0.889444128643372,
            0.13086755692874033,
            0.43790732417411743,
            0,
            0.1455668834061826,
            -0.9893484130757024,
            0,
            0,
            0.4332429162458903,
            0.06374480440076716,
            -0.899020119593919,
            0,
            0,
            0,
            0,
            1
          ]
        },
        "degree": 0
      },
      {
        "length": 0.0232617441486376,
        "V": {
          "elements": [
            0.9839274734004362,
            -0.17828585671488656,
            -0.010043922703449379,
            0,
            0.16777372719393133,
            0.903723710876501,
            0.3938723535145146,
            0,
            -0.061144938885325906,
            -0.38922693598342517,
            0.9191102701818018,
            0,
            0,
            0,
            0,
            1.0000000000000002
          ]
        },
        "Vinv": {
          "elements": [
            0.9839274734004363,
            0.16777372719393133,
            -0.06114493888532587,
            0,
            -0.17828585671488656,
            0.903723710876501,
            -0.38922693598342517,
            0,
            -0.010043922703449348,
            0.39387235351451455,
            0.9191102701818017,
            0,
            0,
            0,
            0,
            1
          ]
        },
        "degree": 2
      },
      {
        "length": 0.021153739929548956,
        "V": {
          "elements": [
            1,
            3.867827031418781e-17,
            -2.0521263153265404e-33,
            0,
            -3.867827031418781e-17,
            1,
            -5.3056310394877914e-17,
            0,
            -2.0521263153265404e-33,
            5.3056310394877914e-17,
            1,
            0,
            0,
            0,
            0,
            1
          ]
        },
        "Vinv": {
          "elements": [
            1,
            -3.867827031418781e-17,
            0,
            0,
            3.867827031418781e-17,
            1,
            5.3056310394877914e-17,
            0,
            0,
            -5.3056310394877914e-17,
            1,
            0,
            0,
            0,
            0,
            1
          ]
        },
        "degree": 1
      },
      {
        "length": 0.020107912953274777,
        "V": {
          "elements": [
            1,
            2.900870273564085e-17,
            -1.1543210523711788e-33,
            0,
            -2.900870273564085e-17,
            1,
            -3.979223279615843e-17,
            0,
            -1.1543210523711788e-33,
            3.979223279615843e-17,
            1,
            0,
            0,
            0,
            0,
            1
          ]
        },
        "Vinv": {
          "elements": [
            1,
            -2.900870273564085e-17,
            0,
            0,
            2.900870273564085e-17,
            1,
            3.979223279615843e-17,
            0,
            0,
            -3.979223279615843e-17,
            1,
            0,
            0,
            0,
            0,
            1
          ]
        },
        "degree": 1
      }
    ]
  },
  "right": {
    "thumb": [
      {
        "length": 0.03934709479484756,
        "position": {
          "x": 0.7025849717342649,
          "y": 0.2940741700695259,
          "z": 0.6479928548919978
        },
        "V": {
          "elements": [
            0.733094540224667,
            0.4273790859078196,
            0.529074202755512,
            0,
            0.2977587305075234,
            -0.9010713753048177,
            0.31529369643688143,
            0,
            0.6114835512909013,
            -0.07360362446837011,
            -0.7878263596540719,
            0,
            0,
            0,
            0,
            1
          ]
        },
        "Vinv": {
          "elements": [
            0.7025849717342649,
            0.2940741700695259,
            0.6479928548919978,
            0,
            0.38610326872344247,
            -0.9224555630929182,
            0,
            0,
            0.5977446138395854,
            0.2501921593832357,
            -0.7616464140327309,
            0,
            0,
            0,
            0,
            1
          ]
        },
        "degree": 0
      },
      {
        "length": 0.02909005691239865,
        "V": {
          "elements": [
            0.9988613304977355,
            -0.012406316623466808,
            -0.046066536055272715,
            0,
            0.008381000847903178,
            0.9962107649467619,
            -0.0865671452051784,
            0,
            0.04696595853467594,
            0.08608249015929596,
            0.9951803874810302,
            0,
            0,
            0,
            0,
            1
          ]
        },
        "Vinv": {
          "elements": [
            0.9988613304977356,
            0.008381000847903181,
            0.04696595853467591,
            0,
            -0.012406316623466813,
            0.9962107649467623,
            0.086082490159296,
            0,
            -0.046066536055272764,
            -0.08656714520517844,
            0.9951803874810305,
            0,
            0,
            0,
            0,
            1
          ]
        },
        "degree": 1
      },
      {
        "length": 0.03306922253956688,
        "V": {
          "elements": [
            1,
            -2.4298419610763435e-17,
            -5.607489925098887e-17,
            0,
            2.4298419610763426e-17,
            1,
            -1.7006337513429403e-16,
            0,
            5.0850370860573857e-17,
            1.7006337513429403e-16,
            1,
            0,
            0,
            0,
            0,
            1
          ]
        },
        "Vinv": {
          "elements": [
            1,
            2.4298419610763426e-17,
            5.607489925098887e-17,
            0,
            -2.4298419610763435e-17,
            1,
            1.7006337513429403e-16,
            0,
            -5.085037086057385e-17,
            -1.7006337513429403e-16,
            1,
            0,
            0,
            0,
            0,
            1
          ]
        },
        "degree": 2
      },
      {
        "length": 0.026395925026784995,
        "V": {
          "elements": [
            1,
            1.258882364794774e-17,
            1.1091826451840137e-33,
            0,
            -1.258882364794774e-17,
            1,
            8.810852198766287e-17,
            0,
            1.1091826451840137e-33,
            -8.810852198766287e-17,
            1,
            0,
            0,
            0,
            0,
            1
          ]
        },
        "Vinv": {
          "elements": [
            1,
            -1.258882364794774e-17,
            0,
            0,
            1.258882364794774e-17,
            1,
            -8.810852198766287e-17,
            0,
            0,
            8.810852198766287e-17,
            1,
            0,
            0,
            0,
            0,
            1
          ]
        },
        "degree": 1
      }
    ],
    "indexFinger": [
      {
        "length": 0.09881494320575916,
        "position": {
          "x": 0.9670523895186521,
          "y": 0.03980628264353505,
          "z": 0.25144608922862244
        },
        "V": {
          "elements": [
            0.9865589717248221,
            0.16338498622645622,
            -0.00259645624688642,
            0,
            0.16316804366851614,
            -0.9841437466100864,
            0.06955052504223815,
            0,
            0.008808225397348202,
            -0.06903935315486731,
            -0.9975750512524394,
            0,
            0,
            0,
            0,
            0.9999999999999998
          ]
        },
        "Vinv": {
          "elements": [
            0.9670523895186521,
            0.03980628264353505,
            0.25144608922862244,
            0,
            0.0411276606849018,
            -0.9991538998205373,
            0,
            0,
            0.2512333406474009,
            0.010341389438340325,
            -0.9678713056040209,
            0,
            0,
            0,
            0,
            1
          ]
        },
        "degree": 0
      },
      {
        "length": 0.029926882166848107,
        "V": {
          "elements": [
            0.962764118101423,
            0.10146706184867295,
            -0.25057870670946186,
            0,
            -0.12245512452274168,
            0.9900307046839916,
            -0.0695984645020238,
            0,
            0.24101866188017282,
            0.09769155103035884,
            0.9655911999820497,
            0,
            0,
            0,
            0,
            1
          ]
        },
        "Vinv": {
          "elements": [
            0.9627641181014233,
            -0.12245512452274163,
            0.24101866188017212,
            0,
            0.10146706184867291,
            0.9900307046839911,
            0.0976915510303588,
            0,
            -0.2505787067094624,
            -0.06959846450202367,
            0.965591199982049,
            0,
            0,
            0,
            0,
            1
          ]
        },
        "degree": 2
      },
      {
        "length": 0.0221472511535316,
        "V": {
          "elements": [
            1,
            -2.6122172545347434e-16,
            -1.2863065411115859e-15,
            0,
            2.612217254534748e-16,
            1,
            3.2221795185911985e-16,
            0,
            1.3558732168764089e-15,
            -3.222179518591202e-16,
            1,
            0,
            0,
            0,
            0,
            1
          ]
        },
        "Vinv": {
          "elements": [
            1,
            2.6122172545347474e-16,
            1.2863065411115859e-15,
            0,
            -2.6122172545347434e-16,
            1,
            -3.222179518591202e-16,
            0,
            -1.3558732168764089e-15,
            3.2221795185911985e-16,
            1,
            0,
            0,
            0,
            0,
            1
          ]
        },
        "degree": 1
      },
      {
        "length": 0.029487285171039757,
        "V": {
          "elements": [
            1,
            -2.7253354018102856e-16,
            -9.161790451796121e-32,
            0,
            2.7253354018102856e-16,
            1,
            3.3617111661597554e-16,
            0,
            -9.161790451796121e-32,
            -3.3617111661597554e-16,
            1,
            0,
            0,
            0,
            0,
            1
          ]
        },
        "Vinv": {
          "elements": [
            1,
            2.7253354018102856e-16,
            0,
            0,
            -2.7253354018102856e-16,
            1,
            -3.3617111661597554e-16,
            0,
            0,
            3.3617111661597554e-16,
            1,
            0,
            0,
            0,
            0,
            1
          ]
        },
        "degree": 1
      }
    ],
    "middleFinger": [
      {
        "length": 0.0968529818925878,
        "position": {
          "x": 1,
          "y": 1.1444570922726594e-18,
          "z": 2.548025246401757e-18
        },
        "V": {
          "elements": [
            0.9638720606949328,
            0.178748921133288,
            -0.1974828443318289,
            0,
            0.2040434165866238,
            -0.9720594188747531,
            0.11604641452683928,
            0,
            -0.17122188750087222,
            -0.15214897098095367,
            -0.9734134557679361,
            0,
            0,
            0,
            0,
            1
          ]
        },
        "Vinv": {
          "elements": [
            1,
            1.1444570922726594e-18,
            2.548025246401757e-18,
            0,
            1.1444570922726594e-18,
            -1,
            0,
            0,
            2.548025246401757e-18,
            2.916105564534281e-36,
            -1,
            0,
            0,
            0,
            0,
            1
          ]
        },
        "degree": 0
      },
      {
        "length": 0.0381862471397446,
        "V": {
          "elements": [
            0.9638720606949327,
            0.17874892113328855,
            -0.19748284433182905,
            0,
            -0.20404341658662456,
            0.9720594188747529,
            -0.11604641452684022,
            0,
            0.1712218875008721,
            0.15214897098095476,
            0.973413455767936,
            0,
            0,
            0,
            0,
            1
          ]
        },
        "Vinv": {
          "elements": [
            0.9638720606949327,
            -0.20404341658662448,
            0.17122188750087192,
            0,
            0.17874892113328852,
            0.9720594188747527,
            0.15214897098095473,
            0,
            -0.19748284433182922,
            -0.11604641452684014,
            0.9734134557679358,
            0,
            0,
            0,
            0,
            1
          ]
        },
        "degree": 2
      },
      {
        "length": 0.029092780518560984,
        "V": {
          "elements": [
            1,
            -7.728019810006699e-16,
            -7.514426483004079e-31,
            0,
            7.728019810006699e-16,
            1,
            9.723611827798311e-16,
            0,
            -7.514426483004079e-31,
            -9.723611827798311e-16,
            1,
            0,
            0,
            0,
            0,
            1
          ]
        },
        "Vinv": {
          "elements": [
            1,
            7.728019810006699e-16,
            0,
            0,
            -7.728019810006699e-16,
            1,
            -9.723611827798311e-16,
            0,
            0,
            9.723611827798311e-16,
            1,
            0,
            0,
            0,
            0,
            1
          ]
        },
        "degree": 1
      },
      {
        "length": 0.028973860865977016,
        "V": {
          "elements": [
            1,
            -5.013734857185289e-18,
            -3.162875616592887e-35,
            0,
            5.013734857185289e-18,
            1,
            6.308422177650865e-18,
            0,
            -3.162875616592887e-35,
            -6.308422177650865e-18,
            1,
            0,
            0,
            0,
            0,
            1
          ]
        },
        "Vinv": {
          "elements": [
            1,
            5.013734857185289e-18,
            0,
            0,
            -5.013734857185289e-18,
            1,
            -6.308422177650865e-18,
            0,
            0,
            6.308422177650865e-18,
            1,
            0,
            0,
            0,
            0,
            1
          ]
        },
        "degree": 1
      }
    ],
    "ringFinger": [
      {
        "length": 0.09545839212204962,
        "position": {
          "x": 0.9661318936176679,
          "y": 0.04031837436012547,
          "z": -0.2548795653317388
        },
        "V": {
          "elements": [
            0.9266273480393419,
            0.1574350909887362,
            -0.3414322040917418,
            0,
            0.2108744729520643,
            -0.9694511649116807,
            0.12528525654909964,
            0,
            -0.31127755223074705,
            -0.18809208111122852,
            -0.9315190038321715,
            0,
            0,
            0,
            0,
            1
          ]
        },
        "Vinv": {
          "elements": [
            0.9661318936176679,
            0.04031837436012547,
            -0.2548795653317388,
            0,
            0.041695458360224494,
            -0.9991303662446313,
            -1.734723475976807e-18,
            0,
            -0.2546579134581726,
            -0.010627320303161632,
            -0.9669728058101241,
            0,
            0,
            0,
            0,
            1
          ]
        },
        "degree": 0
      },
      {
        "length": 0.031950357948037446,
        "V": {
          "elements": [
            0.983084637592743,
            0.16095719546402099,
            -0.08739208521086003,
            0,
            -0.17205493738662028,
            0.975172425735251,
            -0.13941247650950161,
            0,
            0.06278291049347269,
            0.15209050369429092,
            0.9863705109318633,
            0,
            0,
            0,
            0,
            1
          ]
        },
        "Vinv": {
          "elements": [
            0.9830846375927429,
            -0.1720549373866203,
            0.06278291049347305,
            0,
            0.160957195464021,
            0.9751724257352512,
            0.15209050369429095,
            0,
            -0.08739208521085969,
            -0.13941247650950175,
            0.9863705109318637,
            0,
            0,
            0,
            0,
            1
          ]
        },
        "degree": 2
      },
      {
        "length": 0.026993400016434913,
        "V": {
          "elements": [
            1,
            -2.479483301637453e-16,
            5.580634203258908e-16,
            0,
            2.4794833016374516e-16,
            1,
            3.258075750273584e-16,
            0,
            -5.18739489700824e-16,
            -3.2580757502735824e-16,
            1,
            0,
            0,
            0,
            0,
            1
          ]
        },
        "Vinv": {
          "elements": [
            1,
            2.479483301637451e-16,
            -5.580634203258909e-16,
            0,
            -2.479483301637453e-16,
            1,
            -3.2580757502735824e-16,
            0,
            5.187394897008239e-16,
            3.258075750273584e-16,
            1,
            0,
            0,
            0,
            0,
            1
          ]
        },
        "degree": 1
      },
      {
        "length": 0.026119419822627988,
        "V": {
          "elements": [
            1,
            -4.146623522438663e-17,
            -2.259379601907405e-33,
            0,
            4.146623522438663e-17,
            1,
            5.4487213263543285e-17,
            0,
            -2.259379601907405e-33,
            -5.4487213263543285e-17,
            1,
            0,
            0,
            0,
            0,
            1
          ]
        },
        "Vinv": {
          "elements": [
            1,
            4.146623522438663e-17,
            0,
            0,
            -4.146623522438663e-17,
            1,
            -5.4487213263543285e-17,
            0,
            0,
            5.4487213263543285e-17,
            1,
            0,
            0,
            0,
            0,
            1
          ]
        },
        "degree": 1
      }
    ],
    "pinky": [
      {
        "length": 0.0860230060368827,
        "position": {
          "x": 0.8797389922946068,
          "y": 0.13299053414755468,
          "z": -0.4564787215890987
        },
        "V": {
          "elements": [
            0.835032983623698,
            0.17083649072697576,
            -0.5230055541737549,
            0,
            0.3701478924559063,
            -0.8777283678492545,
            0.3042752865139312,
            0,
            -0.4070754892780397,
            -0.44766930396083243,
            -0.7961669048134751,
            0,
            0,
            0,
            0,
            1.0000000000000002
          ]
        },
        "Vinv": {
          "elements": [
            0.8797389922946068,
            0.13299053414755468,
            -0.4564787215890987,
            0,
            0.14947218486226385,
            -0.9887659308210925,
            -6.938893903907228e-18,
            0,
            -0.4513506080520675,
            -0.06823087185905563,
            -0.8897343293008213,
            0,
            0,
            0,
            0,
            1
          ]
        },
        "degree": 0
      },
      {
        "length": 0.023242113052895762,
        "V": {
          "elements": [
            0.9696585404130702,
            0.2379134692892853,
            -0.05620939543110891,
            0,
            -0.24117542093134076,
            0.8934032101677092,
            -0.37903181977325223,
            0,
            -0.03995912089354655,
            0.38108776573483544,
            0.9236749338726513,
            0,
            0,
            0,
            0,
            1.0000000000000002
          ]
        },
        "Vinv": {
          "elements": [
            0.9696585404130702,
            -0.2411754209313407,
            -0.03995912089354668,
            0,
            0.23791346928928525,
            0.893403210167709,
            0.3810877657348353,
            0,
            -0.056209395431109026,
            -0.379031819773252,
            0.9236749338726509,
            0,
            0,
            0,
            0,
            1
          ]
        },
        "degree": 2
      },
      {
        "length": 0.02222053956059533,
        "V": {
          "elements": [
            1,
            -5.186595902450235e-17,
            -5.854735011887188e-17,
            0,
            5.186595902450236e-17,
            1.0000000000000002,
            1.5471545820280878e-16,
            0,
            1.7924048107778032e-16,
            -1.5471545820280878e-16,
            1.0000000000000002,
            0,
            0,
            0,
            0,
            1
          ]
        },
        "Vinv": {
          "elements": [
            1,
            5.1865959024502344e-17,
            5.854735011887185e-17,
            0,
            -5.1865959024502326e-17,
            0.9999999999999998,
            -1.547154582028087e-16,
            0,
            -1.792404810777803e-16,
            1.547154582028087e-16,
            0.9999999999999998,
            0,
            0,
            0,
            0,
            1
          ]
        },
        "degree": 1
      },
      {
        "length": 0.020487309379618315,
        "V": {
          "elements": [
            1,
            2.0773119673446722e-17,
            -1.7564205035661557e-16,
            0,
            -2.077311967344673e-17,
            1,
            -6.196593659939423e-17,
            0,
            1.534573538050042e-16,
            6.196593659939423e-17,
            1,
            0,
            0,
            0,
            0,
            1
          ]
        },
        "Vinv": {
          "elements": [
            1,
            -2.0773119673446735e-17,
            1.7564205035661557e-16,
            0,
            2.0773119673446722e-17,
            1,
            6.196593659939423e-17,
            0,
            -1.534573538050042e-16,
            -6.196593659939423e-17,
            1,
            0,
            0,
            0,
